0 0 00   00000000000000000000000  00000
0 0 00   00000000000000000000001  00001
0 0 00   00000000000000000001010  00010
0 1 00 11000 00010 00000 00001100 00000
0 0 00   00000000000000000000100  00011
0 1 00 11100 00010 00011 00001011 00000
0 0 00   00000000000000000000001  00011
0 0 00   00000000000000000000001  00100
0 0 00   00000000000000000000011  00101
0 0 01 00000 00100 00000 00000000 00110
0 0 01 00000 00100 00011 00000000 00100
0 0 01 00000 00110 00000 00000000 00011
0 0 01 00000 00101 00001 00000000 00101
0 1 00 11001 00101 00010 11111100 00000
1 0 00 00000 00100 00000 00000000 00000
1 0 00 00000 00010 00000 00000000 00000
0 0 00   00000000000000000000001  00010
1 0 00 00000 00010 00000 00000000 00000