//  J B WS ALUop  RA1   RA2   const     WA
    0 0 10   00000000000000000000000  00001
    0 0 00   00000000000000000000000  00110
    0 1 00 11001 00001 00010 00001010 00000
    0 0 00   00000000000000000000100  00010  
    0 1 00 11110 00001 00010 00001010 00000
    0 0 00   00000000000000000000001  00010
    0 0 00   00000000000000000000000  00011
    0 0 00   00000000000000000000000  00100
    0 0 01 00000 00100 00110 00000000 00101  
    0 0 01 00000 00100 00011 00000000 00100
    0 0 01 00000 00101 00110 00000000 00011
    0 1 00 11001 00100 00001 11111100 00000
    1 0 00 00000 00011 00000 00000000 00000
    1 0 00 00000 00001 00000 00000000 00000
    0 0 00   00000000000000000000001  00010
    1 0 00 00000 00010 00000 00000000 00000